500,497,613,1,1
493,504,617,1,1
486,502,618,1,1
482,492,617,1,1
491,493,620,1,1
493,499,620,1,1
495,497,614,1,1
503,497,626,1,1
500,505,622,1,1
498,502,616,1,1
498,500,618,1,1
500,498,622,1,1
495,499,622,1,1
492,497,623,1,1
496,497,610,1,1
490,498,620,1,1
494,500,622,1,1
490,495,618,1,1
492,494,602,1,1
498,501,618,1,1
511,505,620,1,1
507,503,621,1,1
512,508,616,1,1
520,512,618,1,1
519,514,619,1,1
514,519,624,1,1
531,527,623,1,1
534,523,623,1,1
533,523,623,1,1
531,520,615,1,1
535,520,626,1,1
531,517,632,1,1
520,511,626,1,1
520,514,644,1,1
514,496,621,1,1
501,491,608,1,1
510,481,612,1,1
487,474,625,1,1
485,467,607,1,1
441,456,567,4,1
460,447,582,1,1
461,454,590,1,1
447,451,591,1,1
439,447,567,4,1
427,447,562,4,1
436,452,567,4,1
444,450,572,4,1
420,454,584,4,1
436,453,566,4,1
406,454,560,4,1
430,452,549,4,1
448,477,613,1,1
480,472,627,1,1
477,487,605,1,1
478,483,611,1,1
509,487,620,1,1
524,502,645,1,1
518,508,646,1,1
529,508,622,1,1
501,497,609,1,1
517,495,601,1,1
536,500,615,1,1
541,509,618,1,1
547,510,662,1,1
553,518,614,1,1
551,506,605,1,1
567,497,579,1,1
548,499,613,1,1
560,498,604,1,1
549,496,600,1,1
550,502,599,1,1
572,508,624,1,1
565,509,610,1,1
568,509,593,1,1
562,508,616,1,1
584,518,594,1,1
582,518,595,1,1
587,518,592,1,1
594,514,595,1,1
585,512,600,1,1
601,518,598,3,1
597,501,593,3,1
592,499,599,1,1
577,487,582,1,1
596,479,581,3,1
573,470,573,1,1
573,473,571,3,1
571,470,578,1,1
570,475,585,1,1
570,463,578,1,1
577,485,585,1,1
603,490,579,3,1
606,490,573,3,1
609,493,575,3,1
605,492,583,3,1
595,489,587,3,1
584,490,593,1,1
586,483,589,1,1
597,503,593,3,1
604,495,612,1,1
559,493,592,1,1
600,502,625,1,1
576,492,636,1,1
551,475,584,1,1
529,471,564,1,1
523,468,631,1,1
467,494,639,1,1
503,464,585,1,1
512,462,604,1,1
505,458,604,1,1
500,455,642,1,1
507,462,618,1,1
490,446,593,1,1
484,438,590,1,1
469,432,597,1,1
479,428,580,1,1
488,419,568,1,1
469,414,562,1,1
479,401,565,1,1
479,406,569,1,1
478,415,543,1,1
484,407,526,4,1
484,383,538,1,1
479,390,516,4,1
472,393,499,4,1
479,403,510,4,1
475,401,521,4,1
491,401,534,1,1
498,408,566,1,1
492,419,614,1,1
500,407,578,1,1
497,401,548,1,1
497,410,566,1,1
509,420,583,1,1
491,421,589,1,1
487,429,582,1,1
507,435,606,1,1
491,439,611,1,1
497,440,603,1,1
506,447,591,1,1
513,446,600,1,1
507,458,618,1,1
501,474,600,1,1
527,482,620,1,1
509,496,626,1,1
493,497,600,1,1
499,508,593,1,1
541,534,662,1,1
501,546,688,1,1
525,527,610,1,1
513,513,587,1,1
502,527,610,1,1
498,535,619,1,1
495,548,620,1,1
502,546,615,1,1
505,542,603,1,1
489,544,612,1,1
491,553,617,1,1
496,559,605,1,1
505,549,602,1,1
502,553,609,1,1
497,569,600,1,1
512,563,608,1,1
499,555,605,1,1
503,561,609,1,1
526,565,599,1,1
523,556,605,1,1
519,561,601,1,1
539,567,593,1,1
538,556,589,1,1
537,570,598,1,1
542,583,589,1,1
551,580,585,1,1
557,577,590,1,1
553,580,580,1,1
562,578,578,1,1
563,578,572,1,1
557,583,580,1,1
553,591,572,1,1
565,584,567,3,1
550,582,576,1,1
539,591,578,1,1
536,579,568,1,1
537,593,583,1,1
540,606,582,1,1
530,592,580,1,1
518,584,579,1,1
493,580,588,1,1
493,586,589,1,1
478,587,592,1,1
474,584,579,1,1
476,570,602,1,1
449,569,608,1,1
452,558,588,1,1
459,554,595,1,1
465,559,606,1,1
454,553,603,1,1
459,544,601,1,1
465,514,579,1,1
471,514,586,1,1
461,539,598,1,1
453,565,606,1,1
451,571,581,1,1
482,554,571,1,1
480,560,597,1,1
468,515,589,1,1
441,625,600,1,1
462,593,526,4,1
477,600,530,4,1
477,603,603,1,1
468,619,525,4,1
491,595,496,2,1
485,610,522,4,1
469,622,520,4,1
457,619,523,4,1
467,599,510,4,1
477,608,501,4,1
472,614,483,2,1
477,602,473,2,1
477,597,484,2,1
475,603,482,2,1
482,596,455,2,1
487,595,470,2,1
502,582,456,2,1
508,570,457,2,1
520,585,422,2,1
528,575,425,2,1
513,556,458,2,1
551,554,416,2,1
540,546,430,2,1
539,532,447,2,1
543,529,427,2,1
560,520,422,2,1
568,514,433,2,1
574,511,436,2,1
572,510,442,2,1
558,502,464,2,1
580,491,431,2,1
584,484,432,2,1
570,480,462,2,1
570,478,445,2,1
569,474,443,2,1
580,482,445,2,1
584,482,449,2,1
583,485,455,2,1
589,491,447,2,1
576,512,454,2,1
598,510,493,3,1
596,521,477,3,1
581,523,463,3,1
572,566,456,2,1
570,575,467,2,1
584,569,478,3,1
571,589,490,3,1
535,600,460,2,1
527,616,429,2,1
559,610,482,2,1
513,594,466,2,1
497,631,504,2,1
483,634,488,2,1
515,594,491,2,1
535,582,523,3,1
502,589,562,1,1
488,606,568,1,1
476,597,542,4,1
432,611,556,4,1
438,613,589,4,1
441,584,565,4,1
460,562,572,1,1
437,560,583,4,1
450,569,618,1,1
439,552,593,1,1
436,526,585,4,1
451,495,579,1,1
447,490,612,1,1
445,492,606,1,1
468,489,615,1,1
438,484,628,1,1
472,483,605,1,1
479,454,564,1,1
474,429,597,1,1
462,438,582,1,1
484,438,593,1,1
466,436,597,1,1
481,437,595,1,1
481,446,591,1,1
458,447,608,1,1
458,448,614,1,1
481,443,599,1,1
490,440,590,1,1
472,427,595,1,1
495,428,585,1,1
517,440,592,1,1
522,435,596,1,1
538,439,588,1,1
510,429,591,1,1
539,444,602,1,1
547,462,617,1,1
532,451,595,1,1
520,450,556,1,1
548,476,582,1,1
569,495,613,1,1
559,481,641,1,1
533,495,620,1,1
545,519,640,1,1
564,499,622,1,1
542,494,601,1,1
562,515,601,1,1
564,512,599,1,1
565,528,591,1,1
617,543,619,3,1
552,527,626,1,1
543,520,618,1,1
556,523,638,1,1
539,522,643,1,1
542,524,631,1,1
541,500,618,1,1
527,490,615,1,1
504,466,612,1,1
492,450,587,1,1
479,434,575,1,1
470,438,524,4,1
448,431,494,4,1
447,394,501,4,1
438,413,577,4,1
413,424,532,4,1
466,407,506,4,1
453,399,493,4,1
463,398,496,4,1
476,413,500,4,1
464,417,460,2,1
464,429,441,2,1
476,428,451,2,1
462,431,473,4,1
450,446,439,2,1
477,448,440,2,1
487,432,450,2,1
458,443,429,2,1
484,456,426,2,1
492,453,442,2,1
503,443,444,2,1
509,459,444,2,1
520,458,429,2,1
513,456,430,2,1
518,447,414,2,1
525,449,416,2,1
507,463,447,2,1
525,446,498,2,1
571,414,483,3,1
558,415,452,2,1
540,433,472,2,1
575,435,507,3,1
597,426,494,3,1
593,428,483,3,1
585,439,479,3,1
596,442,490,3,1
601,442,491,3,1
601,445,501,3,1
591,441,483,3,1
587,434,489,3,1
594,435,493,3,1
591,444,502,3,1
590,442,494,3,1
597,441,490,3,1
606,448,502,3,1
598,446,493,3,1
597,448,486,3,1
600,449,487,3,1
601,451,485,3,1
595,457,483,3,1
609,466,504,3,1
612,482,437,3,1
554,467,397,2,1
565,455,436,2,1
552,467,439,2,1
558,475,436,2,1
572,482,422,2,1
555,462,423,2,1
541,447,450,2,1
532,463,456,2,1
493,456,421,2,1
452,459,440,2,1
477,440,449,2,1
486,462,426,2,1
470,471,426,2,1
459,446,449,2,1
459,461,460,2,1
430,465,456,4,1
458,467,448,2,1
455,472,460,2,1
418,462,459,4,1
418,469,445,4,1
432,474,440,4,1
463,477,452,2,1
446,487,426,2,1
443,487,434,2,1
463,488,435,2,1
475,496,448,2,1
436,503,417,2,1
466,499,439,2,1
486,494,443,2,1
463,500,434,2,1
479,507,431,2,1
490,515,421,2,1
458,526,407,2,1
476,523,428,2,1
482,522,432,2,1
455,523,419,2,1
478,533,433,2,1
482,538,417,2,1
470,526,431,2,1
509,524,449,2,1
507,536,443,2,1
508,557,417,2,1
515,568,414,2,1
512,567,439,2,1
512,562,427,2,1
503,565,417,2,1
507,569,414,2,1
505,562,418,2,1
493,551,414,2,1
495,548,419,2,1
485,537,415,2,1
467,529,426,2,1
497,521,455,2,1
450,509,454,2,1
424,495,443,4,1
465,495,517,4,1
396,483,517,4,1
384,471,506,4,1
431,475,561,4,1
429,473,571,4,1
428,463,567,4,1
449,471,589,1,1
434,483,609,1,1
431,482,579,4,1
453,494,586,1,1
475,518,639,1,1
434,524,647,1,1
435,518,600,1,1
441,529,597,1,1
449,518,601,1,1
507,519,618,1,1
477,537,642,1,1
457,535,620,1,1
487,520,607,1,1
504,522,619,1,1
494,537,632,1,1
468,530,619,1,1
480,521,603,1,1
517,527,617,1,1
521,528,633,1,1
511,525,611,1,1
510,512,600,1,1
517,516,627,1,1
529,532,638,1,1
522,527,628,1,1
530,514,640,1,1
540,508,641,1,1
512,507,618,1,1
505,509,605,1,1
529,517,637,1,1
525,505,666,1,1
512,488,606,1,1
526,470,597,1,1
489,464,647,1,1
481,466,624,1,1
480,448,572,1,1
457,455,538,4,1
476,435,526,4,1
440,423,517,4,1
430,428,484,4,1
448,427,491,4,1
452,431,485,4,1
421,438,463,4,1
454,426,473,4,1
449,441,480,4,1
439,446,449,4,1
432,459,446,4,1
454,472,456,2,1
450,489,452,2,1
461,508,440,2,1
454,511,414,2,1
473,522,434,2,1
450,537,442,2,1
453,546,423,2,1
464,546,432,2,1
452,556,441,2,1
439,558,428,2,1
432,557,452,4,1
449,544,443,2,1
442,542,437,2,1
424,539,444,4,1
446,534,443,2,1
459,534,437,2,1
435,532,440,4,1
449,532,443,2,1
458,537,432,2,1
456,527,432,2,1
457,527,430,2,1
499,510,426,2,1
496,503,422,2,1
492,505,424,2,1
523,500,440,2,1
533,494,442,2,1
547,467,434,2,1
561,467,439,2,1
556,464,437,2,1
559,460,436,2,1
554,453,451,2,1
554,442,445,2,1
556,426,452,2,1
549,422,459,2,1
556,431,449,2,1
567,434,474,3,1
566,417,484,3,1
575,409,479,3,1
569,396,498,3,1
549,413,517,3,1
537,406,524,3,1
534,387,499,2,1
532,391,504,3,1
527,395,511,3,1
522,423,493,2,1
542,378,534,3,1
452,443,571,1,1
420,438,622,1,1
451,430,601,1,1
481,419,560,1,1
467,428,555,1,1
482,446,571,1,1
482,471,607,1,1
453,477,620,1,1
432,484,611,1,1
455,488,619,1,1
453,497,620,1,1
449,497,603,1,1
482,502,613,1,1
490,513,633,1,1
485,518,615,1,1
496,520,610,1,1
503,521,629,1,1
509,534,635,1,1
515,541,620,1,1
520,531,612,1,1
524,527,615,1,1
526,528,603,1,1
527,531,612,1,1
532,541,634,1,1
522,544,627,1,1
528,540,610,1,1
518,533,606,1,1
529,533,617,1,1
520,534,629,1,1
518,529,642,1,1
501,526,644,1,1
497,526,618,1,1
495,511,613,1,1
501,506,627,1,1
500,500,631,1,1
468,470,601,1,1
450,459,588,1,1
456,465,569,1,1
456,443,555,4,1
399,432,551,4,1
392,445,532,4,1
429,441,511,4,1
445,440,509,4,1
437,427,511,4,1
417,433,509,4,1
427,439,487,4,1
464,432,479,4,1
452,444,473,4,1
443,455,455,4,1
443,472,448,4,1
479,476,443,2,1
479,485,432,2,1
477,501,430,2,1
473,515,415,2,1
475,513,417,2,1
490,516,427,2,1
491,524,435,2,1
488,534,422,2,1
495,542,420,2,1
499,538,427,2,1
489,550,428,2,1
521,552,443,2,1
493,576,458,2,1
526,569,422,2,1
485,582,405,2,1
506,579,434,2,1
492,581,437,2,1
516,586,441,2,1
507,581,441,2,1
511,573,444,2,1
503,578,437,2,1
499,574,440,2,1
495,576,447,2,1
492,578,444,2,1
473,580,442,2,1
481,581,452,2,1
483,586,443,2,1
473,569,422,2,1
507,560,439,2,1
482,561,450,2,1
467,536,433,2,1
471,535,424,2,1
474,540,437,2,1
495,514,442,2,1
465,503,389,2,1
480,496,414,2,1
531,466,471,2,1
517,448,451,2,1
485,436,449,2,1
500,429,484,2,1
530,410,494,2,1
484,399,514,4,1
471,435,542,4,1
487,422,553,1,1
458,410,565,1,1
441,436,619,1,1
389,437,598,4,1
450,431,563,4,1
445,434,566,4,1
455,436,569,1,1
452,439,591,1,1
462,462,577,1,1
456,464,607,1,1
466,476,648,1,1
476,487,639,1,1
505,485,593,1,1
506,471,596,1,1
487,488,635,1,1
489,500,637,1,1
496,497,606,1,1
492,493,647,1,1
489,510,623,1,1
500,497,603,1,1
506,504,622,1,1
512,506,623,1,1
515,516,633,1,1
507,506,607,1,1
504,506,617,1,1
508,515,641,1,1
514,514,619,1,1
503,506,613,1,1
506,508,630,1,1
505,510,634,1,1
500,508,640,1,1
510,507,643,1,1
513,502,632,1,1
509,496,610,1,1
494,487,613,1,1
496,478,616,1,1
499,468,597,1,1
479,451,596,1,1
461,448,580,1,1
439,438,558,4,1
426,437,556,4,1
422,439,568,4,1
440,435,570,4,1
429,429,536,4,1
424,432,521,4,1
436,431,555,4,1
416,431,516,4,1
434,443,477,4,1
426,425,514,4,1
404,426,473,4,1
439,438,470,4,1
438,427,496,4,1
430,431,462,4,1
452,441,463,4,1
471,444,448,2,1
476,451,443,2,1
478,469,450,2,1
507,482,444,2,1
471,497,423,2,1
498,510,426,2,1
501,507,441,2,1
486,521,423,2,1
483,524,416,2,1
501,530,427,2,1
501,533,421,2,1
485,542,408,2,1
500,551,430,2,1
514,553,442,2,1
506,565,422,2,1
510,573,436,2,1
514,577,435,2,1
503,573,430,2,1
504,571,443,2,1
504,575,433,2,1
494,576,412,2,1
485,582,405,2,1
481,575,423,2,1
498,555,448,2,1
461,531,421,2,1
442,526,422,2,1
475,502,493,4,1
437,486,471,4,1
402,470,443,4,1
454,465,495,4,1
460,447,556,4,1
404,433,551,4,1
429,434,541,4,1
455,429,559,4,1
438,422,583,4,1
468,440,578,1,1
459,427,560,4,1
456,438,591,1,1
448,457,595,1,1
459,449,604,1,1
460,455,611,1,1
457,467,600,1,1
482,465,610,1,1
459,477,637,1,1
461,488,622,1,1
466,482,597,1,1
476,482,613,1,1
475,507,629,1,1
467,509,609,1,1
465,502,614,1,1
480,511,628,1,1
480,516,616,1,1
474,507,607,1,1
483,516,618,1,1
481,520,622,1,1
484,522,622,1,1
483,519,619,1,1
479,519,626,1,1
467,517,635,1,1
469,520,645,1,1
457,518,664,1,1
486,503,632,1,1
502,499,600,1,1
511,484,619,1,1
495,505,631,1,1
451,487,603,1,1
483,459,582,1,1
458,452,562,4,1
433,435,576,4,1
438,450,570,4,1
462,466,490,4,1
470,435,432,2,1
435,422,479,4,1
415,437,455,4,1
446,462,462,4,1
474,440,461,2,1
446,456,425,2,1
463,464,433,2,1
476,470,449,2,1
463,472,430,2,1
470,484,442,2,1
480,482,433,2,1
467,492,432,2,1
452,499,433,2,1
452,500,435,2,1
457,504,440,2,1
451,513,429,2,1
440,509,435,2,1
448,524,444,2,1
447,521,445,2,1
440,524,432,2,1
428,523,435,4,1
430,533,444,4,1
434,529,446,4,1
435,530,445,4,1
420,530,432,4,1
404,529,442,4,1
448,525,461,4,1
461,508,425,2,1
423,492,415,2,1
431,493,448,4,1
454,479,457,2,1
460,447,458,2,1
479,432,478,2,1
508,433,473,2,1
502,416,505,2,1
508,387,505,2,1
508,394,484,2,1
492,398,505,2,1
515,396,530,1,1
496,378,537,1,1
465,409,552,4,1
485,415,552,1,1
502,395,558,1,1
456,420,572,1,1
483,441,603,1,1
472,444,622,1,1
461,449,628,1,1
459,464,604,1,1
466,461,589,1,1
469,468,606,1,1
464,480,619,1,1
459,483,614,1,1
455,493,619,1,1
471,500,609,1,1
480,505,599,1,1
479,509,628,1,1
494,521,646,1,1
504,523,627,1,1
496,515,616,1,1
477,514,621,1,1
469,518,626,1,1
483,518,636,1,1
498,512,629,1,1
493,508,630,1,1
496,499,613,1,1
493,479,597,1,1
491,482,657,1,1
479,482,631,1,1
478,472,618,1,1
468,469,605,1,1
501,456,611,1,1
479,446,595,1,1
463,445,559,1,1
486,435,541,1,1
458,432,524,4,1
459,434,469,4,1
473,433,434,2,1
484,425,448,2,1
476,423,470,2,1
453,432,457,4,1
454,454,439,2,1
483,450,435,2,1
500,457,434,2,1
452,468,429,2,1
458,474,439,2,1
454,487,435,2,1
464,489,434,2,1
460,498,448,2,1
453,506,432,2,1
456,510,441,2,1
441,508,435,2,1
445,514,437,2,1
459,519,443,2,1
426,526,438,4,1
417,533,435,4,1
439,535,455,4,1
445,535,449,2,1
446,533,447,2,1
432,535,441,4,1
426,544,447,4,1
422,551,446,4,1
433,544,448,4,1
420,542,440,4,1
404,551,440,4,1
432,543,443,4,1
418,536,441,4,1
436,511,450,4,1
446,490,455,4,1
427,485,434,4,1
451,485,431,2,1
470,469,463,2,1
473,436,477,2,1
471,429,482,4,1
483,439,488,2,1
506,407,525,1,1
516,413,538,1,1
511,399,514,2,1
499,469,571,1,1
497,499,678,1,1
431,486,679,1,1
387,460,583,4,1
438,453,565,4,1
453,468,593,1,1
431,483,612,1,1
431,485,617,1,1
435,496,575,4,1
442,499,619,1,1
503,509,657,1,1
459,511,616,1,1
440,509,610,1,1
437,511,610,1,1
471,507,610,1,1
463,514,621,1,1
453,527,664,1,1
457,520,617,1,1
427,500,606,1,1
454,488,653,1,1
453,487,640,1,1
460,481,595,1,1
477,449,583,1,1
486,428,602,1,1
458,440,600,1,1
481,448,565,1,1
478,456,527,4,1
501,417,505,2,1
501,414,486,2,1
434,441,458,4,1
467,441,449,2,1
488,439,461,2,1
449,458,448,2,1
436,468,450,4,1
465,476,442,2,1
477,475,433,2,1
446,501,448,2,1
433,507,422,2,1
452,501,430,2,1
444,520,448,2,1
439,517,433,2,1
434,517,429,2,1
450,522,433,2,1
445,530,432,2,1
435,529,431,2,1
452,526,437,2,1
430,530,432,4,1
462,521,437,2,1
466,520,425,2,1
440,512,424,2,1
460,528,448,2,1
503,514,416,2,1
468,512,428,2,1
481,515,431,2,1
497,513,415,2,1
493,510,433,2,1
504,505,418,2,1
485,513,415,2,1
497,519,414,2,1
521,516,434,2,1
512,500,419,2,1
518,491,427,2,1
539,487,436,2,1
546,479,445,2,1
545,473,445,2,1
556,462,447,2,1
563,453,448,2,1
562,442,435,2,1
559,436,447,2,1
554,438,457,2,1
550,438,449,2,1
554,437,447,2,1
551,433,444,2,1
557,431,450,2,1
554,430,452,2,1
553,429,460,2,1
553,415,458,2,1
545,393,460,2,1
501,419,466,2,1
537,430,460,2,1
513,422,451,2,1
509,429,441,2,1
515,438,435,2,1
508,434,446,2,1
498,405,455,2,1
465,441,483,4,1
452,444,471,4,1
453,437,450,2,1
460,432,455,2,1
455,429,458,2,1
449,421,466,4,1
453,424,478,4,1
446,433,479,4,1
444,434,494,4,1
408,434,512,4,1
405,426,521,4,1
427,423,517,4,1
426,429,507,4,1
436,432,517,4,1
436,425,542,4,1
427,427,562,4,1
422,436,567,4,1
431,438,556,4,1
437,437,546,4,1
432,435,550,4,1
424,442,555,4,1
431,450,543,4,1
418,457,556,4,1
402,466,575,4,1
418,475,588,4,1
436,476,588,4,1
449,473,581,1,1
441,483,598,1,1
444,488,627,1,1
432,494,604,1,1
443,496,577,4,1
459,500,579,1,1
470,516,627,1,1
458,526,651,1,1
452,525,623,1,1
473,528,600,1,1
478,527,605,1,1
500,530,626,1,1
526,532,642,1,1
518,543,644,1,1
501,536,618,1,1
523,529,598,1,1
533,522,608,1,1
536,529,619,1,1
535,525,619,1,1
533,522,612,1,1
538,516,607,1,1
569,527,603,1,1
563,528,613,1,1
540,522,636,1,1
539,523,619,1,1
537,516,600,1,1
526,511,603,1,1
534,516,656,1,1
548,519,638,1,1

514,526,619,1,2
513,524,619,1,2
515,525,618,1,2
514,522,622,1,2
519,523,632,1,2
514,517,592,1,2
489,525,635,1,2
504,526,621,1,2
509,515,619,1,2
504,527,625,1,2
511,521,623,1,2
508,535,618,1,2
520,521,625,1,2
509,530,625,1,2
498,528,620,1,2
476,524,626,1,2
483,533,606,1,2
461,525,610,1,2
444,527,647,1,2
440,528,624,1,2
455,516,599,1,2
463,518,615,1,2
506,515,614,1,2
493,507,612,1,2
513,503,604,1,2
529,496,624,1,2
518,499,602,1,2
520,494,616,1,2
508,483,639,1,2
474,485,621,1,2
491,489,596,1,2
497,475,626,1,2
496,471,631,1,2
490,467,609,1,2
484,464,627,1,2
474,465,637,1,2
464,459,574,1,2
485,435,579,1,2
475,390,546,1,2
477,442,526,4,2
461,424,513,4,2
438,400,505,4,2
454,421,508,4,2
442,428,452,4,2
438,443,482,4,2
448,437,513,4,2
431,439,482,4,2
426,447,480,4,2
435,449,484,4,2
431,459,459,4,2
447,461,444,2,2
449,475,449,2,2
466,473,451,2,2
486,494,452,2,2
435,497,418,2,2
474,500,429,2,2
438,517,431,2,2
458,523,429,2,2
469,519,426,2,2
471,520,418,2,2
456,523,435,2,2
449,527,429,2,2
460,525,423,2,2
468,521,436,2,2
489,527,425,2,2
458,521,423,2,2
472,528,436,2,2
478,530,418,2,2
471,529,431,2,2
494,538,433,2,2
488,546,420,2,2
488,547,415,2,2
449,544,410,2,2
469,555,417,2,2
485,546,429,2,2
454,541,420,2,2
432,536,433,2,2
426,544,459,4,2
461,509,465,2,2
432,500,419,2,2
457,473,463,2,2
469,472,469,2,2
419,462,397,2,2
428,476,496,4,2
475,460,506,4,2
393,467,541,4,2
392,455,532,4,2
446,441,554,4,2
422,446,561,4,2
451,441,576,1,2
414,427,541,4,2
411,452,542,4,2
408,451,547,4,2
409,445,526,4,2
409,453,510,4,2
402,441,516,4,2
380,454,487,4,2
378,458,503,4,2
411,462,486,4,2
439,459,483,4,2
431,458,456,4,2
442,467,451,4,2
491,472,462,2,2
466,470,443,2,2
515,492,437,2,2
520,498,435,2,2
537,516,410,2,2
556,513,423,2,2
557,522,419,2,2
532,530,388,2,2
542,538,379,2,2
526,531,407,2,2
510,519,435,2,2
514,508,442,2,2
487,512,427,2,2
500,501,419,2,2
467,502,421,2,2
479,498,412,2,2
490,503,435,2,2
461,496,423,2,2
450,496,421,2,2
464,500,431,2,2
453,487,484,4,2
415,481,458,4,2
409,488,455,4,2
448,472,507,4,2
400,474,477,4,2
415,474,472,4,2
419,477,470,4,2
416,478,479,4,2
402,484,481,4,2
404,480,479,4,2
407,485,485,4,2
395,482,501,4,2
399,482,486,4,2
405,486,504,4,2
396,486,514,4,2
372,483,491,4,2
400,479,497,4,2
411,481,485,4,2
393,483,458,4,2
389,488,455,4,2
464,490,450,2,2
396,495,370,2,2
419,487,448,4,2
469,470,518,4,2
494,465,490,2,2
530,497,423,2,2
579,508,412,2,2
585,512,437,2,2
581,500,462,3,2
561,508,438,2,2
562,517,422,2,2
580,526,421,2,2
585,514,427,2,2
564,509,444,2,2
562,514,432,2,2
581,521,439,2,2
581,522,446,2,2
579,520,441,2,2
567,523,453,2,2
550,539,439,2,2
592,551,411,2,2
597,550,405,2,2
573,541,441,2,2
564,541,441,2,2
553,532,406,2,2
549,526,422,2,2
546,520,429,2,2
577,515,458,2,2
534,495,421,2,2
520,490,435,2,2
530,469,463,2,2
513,482,444,2,2
512,465,430,2,2
479,446,442,2,2
419,451,419,4,2
477,461,466,2,2
504,440,478,2,2
435,435,431,2,2
460,435,472,4,2
459,452,477,4,2
433,447,483,4,2
405,458,491,4,2
421,466,490,4,2
438,480,515,4,2
398,485,508,4,2
371,500,501,4,2
384,508,506,4,2
390,513,501,4,2
392,511,513,4,2
373,550,515,4,2
369,529,480,4,2
420,507,501,4,2
418,526,497,4,2
400,515,479,4,2
446,521,478,4,2
438,543,454,4,2
428,534,466,4,2
439,562,465,4,2
418,578,431,4,2
449,549,448,2,2
420,559,500,4,2
441,574,452,4,2
454,587,450,2,2
465,578,467,2,2
452,583,486,4,2
451,587,470,4,2
468,585,472,2,2
479,593,463,2,2
486,601,439,2,2
493,592,450,2,2
494,591,470,2,2
490,597,472,2,2
502,586,456,2,2
494,587,452,2,2
481,594,455,2,2
503,590,456,2,2
521,583,470,2,2
528,584,442,2,2
526,583,432,2,2
547,580,468,2,2
514,576,440,2,2
524,573,438,2,2
542,569,436,2,2
542,565,436,2,2
542,563,438,2,2
563,555,421,2,2
566,555,432,2,2
511,560,429,2,2
561,541,401,2,2
589,544,435,2,2
566,519,436,2,2
558,512,432,2,2
556,500,456,2,2
546,488,454,2,2
538,493,424,2,2
532,505,404,2,2
519,491,444,2,2
538,489,439,2,2
467,491,411,2,2
490,488,436,2,2
516,488,441,2,2
456,491,425,2,2
433,485,441,4,2
462,469,479,4,2
447,485,463,4,2
419,489,431,4,2
396,485,442,4,2
430,480,490,4,2
441,484,483,4,2
391,488,480,4,2
394,489,493,4,2
409,479,509,4,2
406,487,507,4,2
382,495,515,4,2
395,497,525,4,2
409,492,529,4,2
399,490,532,4,2
393,503,549,4,2
395,515,582,4,2
422,511,567,4,2
386,504,537,4,2
371,521,555,4,2
409,523,546,4,2
394,519,546,4,2
402,526,546,4,2
386,529,545,4,2
405,527,526,4,2
390,532,549,4,2
403,533,511,4,2
402,531,476,4,2
403,519,466,4,2
403,520,473,4,2
406,511,453,4,2
468,508,454,2,2
445,502,448,2,2
449,497,466,4,2
482,498,447,2,2
492,497,429,2,2
502,499,420,2,2
491,510,426,2,2
510,530,419,2,2
486,513,379,2,2
519,500,435,2,2
492,523,411,2,2
517,485,426,2,2
550,493,406,2,2
521,506,433,2,2
553,505,451,2,2
524,519,415,2,2
501,523,364,2,2
509,528,410,2,2
517,526,413,2,2
541,507,428,2,2
513,488,470,2,2
583,495,423,2,2
544,487,423,2,2
552,464,430,2,2
530,470,452,2,2
558,458,430,2,2
558,448,437,2,2
541,439,422,2,2
528,430,434,2,2
505,447,452,2,2
549,453,440,2,2
505,433,437,2,2
498,422,462,2,2
523,433,445,2,2
514,437,400,2,2
483,424,431,2,2
477,461,474,2,2
475,451,478,2,2
473,435,444,2,2
460,406,418,2,2
442,451,470,4,2
469,435,470,2,2
484,441,491,2,2
451,411,501,4,2
424,417,501,4,2
408,426,513,4,2
421,433,519,4,2
429,417,519,4,2
423,417,511,4,2
405,425,520,4,2
429,443,507,4,2
421,440,483,4,2
416,431,486,4,2
433,434,497,4,2
442,450,495,4,2
434,448,457,4,2
426,453,447,4,2
453,462,443,2,2
466,473,459,2,2
469,483,434,2,2
478,496,433,2,2
500,505,422,2,2
513,508,417,2,2
509,520,460,2,2
515,529,423,2,2
557,527,425,2,2
556,545,460,2,2
550,551,419,2,2
568,553,409,2,2
586,556,427,2,2
599,550,460,3,2
602,557,444,3,2
591,553,450,2,2
577,560,460,2,2
592,551,452,3,2
586,559,452,2,2
566,539,444,2,2
591,538,443,2,2
565,527,451,2,2
584,523,447,2,2
550,531,434,2,2
564,512,396,2,2
596,499,381,2,2
584,525,440,2,2
554,508,441,2,2
539,494,445,2,2
542,472,450,2,2
540,460,480,2,2
506,434,446,2,2
495,417,455,2,2
479,424,482,2,2
448,431,490,4,2
435,425,478,4,2
438,429,484,4,2
427,439,498,4,2
423,429,494,4,2
444,427,482,4,2
416,438,503,4,2
397,445,522,4,2
416,449,497,4,2
426,449,469,4,2
400,452,502,4,2
382,458,506,4,2
401,459,474,4,2
402,458,463,4,2
424,461,474,4,2
420,471,473,4,2
433,477,449,4,2
424,485,456,4,2
454,494,468,4,2
442,499,443,2,2
426,508,456,4,2
450,509,454,2,2
447,516,445,2,2
459,523,424,2,2
465,525,426,2,2
479,528,432,2,2
490,532,417,2,2
509,532,414,2,2
511,536,419,2,2
509,540,413,2,2
524,542,426,2,2
538,545,459,2,2
548,543,426,2,2
541,551,428,2,2
537,555,433,2,2
558,542,421,2,2
573,535,437,2,2
562,543,433,2,2
538,542,426,2,2
528,538,432,2,2
547,534,431,2,2
540,539,425,2,2
533,536,412,2,2
538,536,390,2,2
558,538,422,2,2
565,539,430,2,2
528,522,420,2,2
530,512,425,2,2
543,503,418,2,2
522,491,445,2,2
525,469,434,2,2
514,467,443,2,2
496,448,465,2,2
471,433,451,2,2
443,436,462,4,2
458,441,475,4,2
465,431,491,4,2
424,440,470,4,2
420,448,472,4,2
416,451,501,4,2
410,458,494,4,2
408,461,491,4,2
411,455,488,4,2
419,456,481,4,2
392,460,479,4,2
403,464,483,4,2
425,469,469,4,2
414,475,453,4,2
418,486,456,4,2
449,491,438,2,2
458,497,420,2,2
459,504,437,2,2
469,503,437,2,2
466,519,419,2,2
506,520,422,2,2
505,518,439,2,2
491,517,414,2,2
511,518,419,2,2
524,521,432,2,2
519,525,426,2,2
517,536,431,2,2
537,532,432,2,2
582,518,420,2,2
577,532,438,2,2
555,535,438,2,2
563,536,445,2,2
545,538,436,2,2
560,543,430,2,2
569,545,445,2,2
559,547,425,2,2
554,544,430,2,2
572,551,444,2,2
583,546,452,2,2
556,545,444,2,2
563,542,445,2,2
581,544,444,2,2
570,560,447,2,2
551,567,443,2,2
592,550,422,2,2
601,543,432,2,2
583,538,447,2,2
583,528,428,2,2
565,532,421,2,2
554,532,426,2,2
584,504,434,2,2
571,514,441,2,2
526,505,448,2,2
513,494,451,2,2
523,449,471,2,2
491,421,441,2,2
456,418,473,4,2
447,427,480,4,2
442,436,473,4,2
429,431,462,4,2
454,434,482,4,2
432,452,476,4,2
414,450,476,4,2
400,465,470,4,2
425,444,467,4,2
437,452,476,4,2
419,466,466,4,2
432,457,464,4,2
423,467,475,4,2
419,476,476,4,2
408,484,466,4,2
413,476,464,4,2
409,473,476,4,2
426,479,459,4,2
439,483,430,2,2
450,484,431,2,2
436,484,454,4,2
440,487,449,4,2
462,487,429,2,2
475,493,432,2,2
474,496,435,2,2
496,498,417,2,2
516,498,425,2,2
523,498,429,2,2
531,503,420,2,2
542,506,433,2,2
548,511,436,2,2
565,515,431,2,2
571,520,430,2,2
560,521,426,2,2
573,522,425,2,2
572,522,436,2,2
552,530,445,2,2
553,528,442,2,2
573,523,439,2,2
584,527,434,2,2
594,528,433,2,2
570,534,437,2,2
560,535,440,2,2
583,532,428,2,2
576,535,419,2,2
567,537,424,2,2
568,533,416,2,2
573,529,423,2,2
546,524,430,2,2
528,516,427,2,2
543,506,425,2,2
547,495,439,2,2
534,483,446,2,2
511,481,428,2,2
480,476,430,2,2
477,461,439,2,2
465,461,455,2,2
453,460,474,4,2
445,457,486,4,2
432,451,480,4,2
426,450,476,4,2
401,462,496,4,2
401,457,488,4,2
410,460,495,4,2
414,458,495,4,2
403,454,488,4,2
393,468,498,4,2
408,465,498,4,2
422,468,463,4,2
391,473,470,4,2
379,477,497,4,2
423,471,475,4,2
422,474,463,4,2
405,479,463,4,2
407,477,471,4,2
425,474,470,4,2
438,477,458,4,2
444,479,452,4,2
453,483,447,2,2
456,485,434,2,2
454,487,438,2,2
474,491,439,2,2
481,498,422,2,2
501,499,415,2,2
507,502,419,2,2
509,506,424,2,2
517,510,428,2,2
538,513,427,2,2
534,519,413,2,2
542,522,451,2,2
565,531,426,2,2
559,535,420,2,2
580,535,440,2,2
573,534,450,2,2
578,535,437,2,2
587,535,451,2,2
591,541,451,3,2
592,535,446,2,2
592,537,451,3,2
592,544,459,3,2
585,533,444,2,2
580,538,448,2,2
591,535,444,2,2
581,529,418,2,2
581,530,463,3,2
583,531,470,3,2
577,516,405,2,2
561,504,402,2,2
563,504,448,2,2
516,489,443,2,2
494,474,449,2,2
504,467,449,2,2
487,468,458,2,2
448,465,442,2,2
446,455,444,2,2
448,455,451,4,2
454,458,468,4,2
435,459,458,4,2
434,461,461,4,2
427,461,484,4,2
414,461,485,4,2
406,462,486,4,2
401,460,493,4,2
402,459,492,4,2
398,455,506,4,2
395,458,497,4,2
413,458,480,4,2
402,461,496,4,2
405,458,494,4,2
418,465,468,4,2
384,468,488,4,2
405,465,495,4,2
414,467,465,4,2
412,473,459,4,2
401,479,488,4,2
432,483,470,4,2
425,484,445,4,2
422,486,470,4,2
415,488,470,4,2
452,492,434,2,2
474,495,427,2,2
486,493,430,2,2
479,496,441,2,2
489,503,421,2,2
548,503,415,2,2
543,503,419,2,2
529,503,448,2,2
540,508,463,2,2
554,512,412,2,2
569,517,431,2,2
577,523,467,3,2
582,534,421,2,2
588,531,436,2,2
592,532,469,3,2
586,538,427,2,2
602,537,443,3,2
590,535,465,3,2
578,537,449,2,2
590,541,455,3,2
605,543,454,3,2
598,541,445,3,2
588,543,453,2,2
593,539,443,2,2
585,536,419,2,2
578,536,423,2,2
589,536,465,3,2
613,526,411,2,2
562,504,387,2,2
506,497,458,2,2
529,484,480,2,2
513,476,468,2,2
454,461,452,2,2
461,460,451,2,2
473,458,464,2,2
459,460,467,4,2
424,450,461,4,2
400,448,476,4,2
414,454,463,4,2
435,459,464,4,2
432,457,472,4,2
419,454,467,4,2
418,458,471,4,2
421,462,469,4,2
416,459,475,4,2
420,467,513,4,2
378,496,496,4,2
390,468,496,4,2
404,473,494,4,2
389,476,509,4,2
399,476,508,4,2
397,476,483,4,2
369,482,486,4,2
397,481,499,4,2
407,479,482,4,2
423,480,474,4,2
427,481,465,4,2
442,487,451,4,2
479,484,442,2,2
501,487,457,2,2
494,502,438,2,2
529,515,417,2,2
535,526,401,2,2
565,531,420,2,2
581,535,423,2,2
566,532,414,2,2
564,525,438,2,2
596,523,416,2,2
589,520,433,2,2
595,528,429,2,2
599,523,424,2,2
583,529,444,2,2
591,520,458,3,2
550,530,417,2,2
457,519,424,2,2
436,502,469,4,2
486,487,499,2,2
410,495,449,4,2
313,501,457,4,2
431,514,452,4,2
498,520,407,2,2
529,534,401,2,2
612,535,369,2,2
645,539,390,2,2
581,534,445,2,2
525,522,470,2,2
461,500,483,4,2
393,498,451,4,2
390,504,430,4,2
465,510,429,2,2
495,524,393,2,2
543,524,396,2,2
593,521,378,2,2
596,523,391,2,2
545,525,451,2,2
488,504,536,1,2
375,485,444,4,2
336,495,441,4,2
471,510,436,2,2
549,521,377,2,2
580,529,355,2,2
572,526,394,2,2
547,520,470,2,2
457,501,476,4,2
323,490,448,4,2
398,502,455,4,2
514,516,407,2,2
577,530,347,2,2
593,531,380,2,2
561,523,447,2,2
492,506,484,2,2
339,486,461,4,2
403,492,453,4,2
461,513,435,2,2
541,528,378,2,2
642,533,325,2,2
567,549,392,2,2
512,519,509,2,2
398,479,525,4,2
329,480,457,4,2
432,493,438,4,2
532,517,365,2,2
559,536,338,2,2
544,533,396,2,2
538,511,473,2,2
439,494,498,4,2
362,484,479,4,2
405,501,420,4,2
495,511,391,2,2
537,522,362,2,2
532,530,367,2,2
570,526,438,2,2
494,495,533,1,2
331,473,471,4,2
357,486,460,4,2
460,503,428,2,2
505,525,374,2,2
532,535,353,2,2
558,516,380,2,2
542,525,444,2,2
520,510,486,2,2
400,493,470,4,2
394,496,448,4,2
455,508,413,2,2
464,519,402,2,2
456,517,428,2,2
463,505,461,2,2
485,517,430,2,2
497,511,401,2,2
449,528,399,2,2
485,534,362,2,2
548,532,402,2,2
501,528,475,2,2
464,499,501,4,2
408,487,471,4,2
383,513,421,4,2
437,522,418,2,2
519,516,366,2,2
585,535,346,2,2
556,552,393,2,2
539,527,490,2,2
450,511,494,4,2
381,504,449,4,2
419,510,441,4,2
480,518,379,2,2
540,514,361,2,2
530,527,373,2,2
555,534,450,2,2
511,521,490,2,2
381,505,471,4,2
353,501,441,4,2
427,515,429,4,2
527,509,353,2,2
552,531,363,2,2
523,538,391,2,2
530,529,472,2,2
498,517,484,2,2
383,505,466,4,2
370,496,440,4,2
446,517,426,2,2
489,510,361,2,2
553,528,359,2,2
549,535,392,2,2
508,535,452,2,2
493,510,472,2,2
425,508,487,4,2
389,509,465,4,2
394,510,425,4,2
439,517,376,2,2
531,512,386,2,2
525,526,401,2,2
520,525,419,2,2
509,522,459,2,2
455,515,475,4,2
405,512,480,4,2
388,510,443,4,2
412,510,392,2,2
495,499,396,2,2
507,518,396,2,2
515,516,403,2,2
516,528,450,2,2
463,521,476,4,2
401,515,480,4,2
389,503,448,4,2
409,509,423,4,2
462,490,384,2,2
504,511,381,2,2
516,523,395,2,2
521,528,435,2,2
504,530,460,2,2
434,524,471,4,2
395,510,466,4,2
401,506,436,4,2
402,502,415,4,2
484,484,418,2,2
530,518,382,2,2
533,530,374,2,2
551,528,416,2,2
546,534,455,2,2
506,516,469,2,2
459,505,441,2,2
378,507,435,4,2
384,505,445,4,2
456,489,437,2,2
492,515,408,2,2
567,526,367,2,2
570,539,370,2,2
570,536,420,2,2
578,532,475,3,2
470,523,458,2,2
422,507,446,4,2
390,511,424,4,2
375,513,429,4,2
437,506,439,2,2
501,512,395,2,2
554,521,369,2,2
546,530,385,2,2
566,525,450,2,2
558,527,466,2,2
431,522,456,4,2
407,509,438,4,2
364,519,435,4,2
396,509,451,4,2
453,506,430,2,2
518,508,397,2,2
512,532,380,2,2
529,530,381,2,2
554,528,420,2,2
530,525,460,2,2
455,525,459,2,2
438,512,444,4,2
397,513,447,4,2
386,507,440,4,2
421,515,445,4,2
486,515,410,2,2
553,529,350,2,2
567,544,373,2,2
524,540,425,2,2
535,531,467,2,2
481,521,444,2,2
432,522,457,4,2
385,519,423,4,2
402,512,446,4,2
451,503,433,2,2
501,497,410,2,2
535,530,359,2,2
541,541,381,2,2
540,534,434,2,2
538,534,462,2,2
501,528,470,2,2
452,520,440,2,2
438,509,396,2,2
391,497,407,4,2
418,500,424,4,2
529,495,439,2,2
506,528,404,2,2
538,543,414,2,2
549,532,425,2,2
586,535,430,2,2
550,530,412,2,2
540,528,411,2,2
553,525,419,2,2
545,524,435,2,2
518,520,422,2,2
486,516,420,2,2
464,513,431,2,2
475,507,442,2,2
467,504,444,2,2
444,501,444,2,2
424,503,446,4,2
442,496,462,4,2
429,496,451,4,2
415,497,446,4,2
430,497,444,4,2
435,500,419,2,2
426,510,430,4,2
510,497,453,2,2
483,508,431,2,2
520,516,435,2,2
547,516,418,2,2
542,521,411,2,2
559,520,414,2,2
561,522,410,2,2
554,520,412,2,2
562,518,414,2,2
556,521,411,2,2
533,517,423,2,2
500,513,445,2,2
466,500,460,2,2
436,492,472,4,2
424,488,481,4,2
440,486,504,4,2
375,498,420,4,2
317,498,436,4,2
395,502,476,4,2
478,511,431,2,2
498,519,416,2,2
534,517,413,2,2
546,516,434,2,2
559,516,425,2,2
553,517,415,2,2
551,516,408,2,2
557,517,406,2,2
570,515,419,2,2
565,517,419,2,2
515,516,434,2,2
485,513,433,2,2
454,502,457,2,2
435,494,479,4,2
421,489,484,4,2
389,492,484,4,2
422,485,493,4,2
389,493,471,4,2
322,497,466,4,2
359,494,494,4,2
466,497,459,2,2
479,509,415,2,2
484,512,415,2,2
550,504,444,2,2
552,510,415,2,2
549,512,426,2,2
578,516,413,2,2
576,516,392,2,2
548,517,416,2,2
537,514,432,2,2
507,510,434,2,2
453,505,457,2,2
419,504,482,4,2
433,480,493,4,2
430,487,528,4,2
393,495,532,4,2
383,490,537,4,2
379,502,546,4,2
409,485,557,4,2
413,501,562,4,2
411,508,549,4,2
382,512,543,4,2
396,514,560,4,2
397,518,570,4,2
421,521,586,4,2
395,522,528,4,2
400,521,578,4,2
446,517,601,1,2
466,522,655,1,2
468,524,604,1,2
468,520,609,1,2
442,526,590,1,2
464,528,625,1,2
459,518,595,1,2
469,515,600,1,2
490,533,642,1,2
508,529,637,1,2
509,521,597,1,2
473,527,624,1,2
488,538,636,1,2
480,533,624,1,2
492,518,626,1,2
459,521,661,1,2
484,540,620,1,2
498,513,563,1,2
443,497,578,4,2
401,507,585,4,2
392,517,548,4,2
400,516,512,4,2
415,503,496,4,2

534,509,622,1,3
538,504,619,1,3
544,496,607,1,3
536,501,599,1,3
568,502,582,1,3
554,514,592,1,3
527,517,578,1,3
580,513,602,1,3
401,458,524,4,3
601,495,490,3,3
629,491,500,3,3
644,507,474,3,3
613,502,487,3,3
616,525,509,3,3
611,501,518,3,3
622,503,520,3,3
613,498,505,3,3
624,523,494,3,3
626,507,492,3,3
677,515,524,3,3
673,509,524,3,3
613,504,524,3,3
581,490,498,3,3
590,483,496,3,3
601,503,516,3,3
596,513,492,3,3
635,509,484,3,3
646,521,499,3,3
614,525,472,3,3
582,518,459,3,3
599,522,472,3,3
575,519,431,2,3
557,523,436,2,3
579,527,477,3,3
617,522,482,3,3
608,533,482,3,3
589,520,480,3,3
619,516,479,3,3
601,527,445,3,3
619,521,472,3,3
625,513,474,3,3
627,520,473,3,3
596,521,485,3,3
586,517,474,3,3
594,512,467,3,3
587,507,458,3,3
561,513,460,2,3
588,522,471,3,3
605,539,484,3,3
632,535,495,3,3
593,521,481,3,3
600,530,450,3,3
616,524,495,3,3
626,529,545,3,3
605,530,497,3,3
607,529,452,3,3
630,531,470,3,3
608,521,523,3,3
625,524,521,3,3
631,520,509,3,3
598,518,539,3,3
608,524,548,3,3
626,535,562,3,3
585,534,584,3,3
583,542,572,3,3
603,552,586,3,3
583,556,588,1,3
551,553,622,1,3
589,556,594,1,3
570,554,596,1,3
555,546,579,1,3
571,549,591,1,3
578,551,597,1,3
552,547,625,1,3
551,539,576,1,3
567,548,564,3,3
604,557,571,3,3
604,547,591,3,3
585,539,554,3,3
600,533,520,3,3
597,526,523,3,3
638,528,488,3,3
622,524,473,3,3
620,521,463,3,3
602,504,443,3,3
576,496,434,2,3
565,486,409,2,3
548,490,432,2,3
568,485,459,2,3
569,481,439,2,3
555,481,425,2,3
541,483,430,2,3
533,474,434,2,3
531,471,433,2,3
538,470,432,2,3
505,464,430,2,3
478,460,424,2,3
489,455,447,2,3
490,459,432,2,3
483,456,434,2,3
484,464,440,2,3
497,466,463,2,3
513,466,444,2,3
481,480,390,2,3
448,485,447,2,3
525,484,449,2,3
544,509,433,2,3
603,503,461,3,3
607,505,478,3,3
609,511,470,3,3
609,523,501,3,3
614,539,524,3,3
622,549,548,3,3
604,562,560,3,3
582,566,588,1,3
568,569,614,1,3
564,565,582,1,3
561,574,600,1,3
530,574,606,1,3
536,579,614,1,3
540,572,601,1,3
505,566,603,1,3
496,559,614,1,3
467,559,628,1,3
478,564,613,1,3
491,552,598,1,3
456,534,589,1,3
468,551,610,1,3
422,552,601,4,3
439,538,575,4,3
458,514,583,1,3
419,545,606,4,3
416,529,554,4,3
440,504,547,4,3
419,514,563,4,3
419,504,535,4,3
409,521,558,4,3
405,534,559,4,3
402,508,540,4,3
385,505,528,4,3
394,512,519,4,3
395,508,538,4,3
401,525,547,4,3
402,530,557,4,3
411,515,543,4,3
412,517,547,4,3
404,520,552,4,3
400,514,549,4,3
407,510,540,4,3
401,508,545,4,3
408,516,558,4,3
399,505,533,4,3
417,502,529,4,3
467,539,581,1,3
423,583,613,1,3
399,563,589,4,3
460,564,602,1,3
471,554,584,1,3
482,549,583,1,3
490,551,571,1,3
497,584,625,1,3
516,593,622,1,3
538,562,569,1,3
526,559,586,1,3
543,580,594,1,3
548,590,622,1,3
513,577,605,1,3
522,579,566,1,3
573,591,571,3,3
585,591,590,1,3
583,584,567,3,3
561,590,534,3,3
592,590,544,3,3
586,585,511,3,3
601,593,506,3,3
623,591,499,3,3
607,579,518,3,3
590,561,475,3,3
585,551,462,3,3
567,542,471,2,3
589,528,452,3,3
582,539,440,2,3
555,532,434,2,3
542,528,426,2,3
540,512,428,2,3
542,509,434,2,3
539,502,440,2,3
529,498,417,2,3
512,496,420,2,3
527,488,439,2,3
515,483,431,2,3
500,485,420,2,3
505,487,411,2,3
490,487,436,2,3
489,494,433,2,3
510,486,406,2,3
512,506,436,2,3
527,512,468,2,3
561,510,436,2,3
585,541,409,2,3
516,530,499,2,3
615,523,514,3,3
644,558,501,3,3
609,554,521,3,3
630,557,485,3,3
599,552,519,3,3
599,556,561,3,3
631,565,520,3,3
619,558,542,3,3
578,548,573,3,3
616,563,550,3,3
614,548,567,3,3
576,545,579,1,3
592,547,560,3,3
596,554,580,3,3
580,545,600,1,3
586,548,569,3,3
593,554,581,3,3
577,548,608,1,3
572,550,577,1,3
591,546,574,3,3
563,558,609,1,3
557,551,607,1,3
563,556,593,1,3
577,549,583,1,3
580,548,590,1,3
564,550,583,1,3
575,549,581,1,3
576,562,581,1,3
579,547,568,3,3
602,544,568,3,3
600,576,546,3,3
581,573,559,3,3
605,566,561,3,3
603,583,531,3,3
609,577,501,3,3
622,562,505,3,3
607,565,523,3,3
596,560,497,3,3
608,562,474,3,3
583,560,485,3,3
578,550,480,3,3
595,540,461,3,3
585,544,469,3,3
595,546,473,3,3
585,534,458,3,3
593,530,458,3,3
589,526,462,3,3
575,521,465,2,3
588,525,450,2,3
593,527,461,3,3
594,528,489,3,3
605,525,472,3,3
608,527,464,3,3
610,524,496,3,3
607,520,496,3,3
613,524,485,3,3
599,519,496,3,3
611,522,509,3,3
609,522,500,3,3
607,523,480,3,3
624,530,494,3,3
623,528,511,3,3
623,524,502,3,3
619,521,498,3,3
610,518,501,3,3
610,517,508,3,3
606,518,499,3,3
616,522,493,3,3
620,522,502,3,3
619,524,500,3,3
612,520,496,3,3
611,522,498,3,3
617,521,506,3,3
621,522,509,3,3
617,523,508,3,3
616,519,506,3,3
616,520,503,3,3
615,521,504,3,3
613,521,502,3,3
609,520,504,3,3
616,522,511,3,3
618,524,516,3,3
622,521,509,3,3
614,521,508,3,3
613,520,508,3,3
615,522,505,3,3
619,521,504,3,3
616,520,504,3,3
614,520,505,3,3
616,522,506,3,3
612,518,507,3,3
615,519,507,3,3
617,519,507,3,3
616,520,510,3,3
621,523,510,3,3
622,523,508,3,3
614,519,509,3,3
617,522,510,3,3
615,525,508,3,3
623,525,510,3,3
609,522,511,3,3
606,525,516,3,3
609,528,518,3,3
617,527,513,3,3
625,526,529,3,3
611,529,552,3,3
615,532,530,3,3
616,533,546,3,3
605,531,563,3,3
611,532,553,3,3
608,535,560,3,3
581,535,571,3,3
601,551,578,3,3
595,555,589,3,3
563,544,582,1,3
542,530,577,1,3
572,548,585,1,3
562,562,615,1,3
530,555,619,1,3
538,573,629,1,3
525,567,620,1,3
499,545,595,1,3
516,545,596,1,3
512,560,612,1,3
493,565,611,1,3
495,561,606,1,3
518,561,613,1,3
510,557,606,1,3
510,555,597,1,3
516,557,603,1,3
520,559,604,1,3
527,561,607,1,3
529,562,608,1,3
532,561,606,1,3
555,559,608,1,3
572,566,602,1,3
588,553,580,3,3
605,554,601,3,3
564,542,568,1,3
626,533,534,3,3
614,521,526,3,3
587,515,518,3,3
616,495,490,3,3
617,506,502,3,3
605,503,493,3,3
604,495,463,3,3
593,482,459,3,3
582,482,450,2,3
587,478,436,2,3
574,473,438,2,3
563,471,448,2,3
555,468,442,2,3
552,464,438,2,3
547,462,440,2,3
541,459,436,2,3
532,457,430,2,3
533,458,430,2,3
524,453,430,2,3
523,454,434,2,3
528,456,432,2,3
519,452,435,2,3
519,447,444,2,3
510,446,430,2,3
509,444,435,2,3
497,442,456,2,3
503,449,451,2,3
528,453,414,2,3
532,461,438,2,3
550,473,465,2,3
589,482,430,2,3
592,482,459,3,3
582,489,487,3,3
587,489,486,3,3
592,489,474,3,3
620,497,478,3,3
610,497,490,3,3
611,506,520,3,3
612,516,539,3,3
611,524,550,3,3
616,531,555,3,3
619,546,578,3,3
618,544,613,3,3
568,547,582,1,3
590,548,579,3,3
604,553,604,3,3
581,549,596,1,3
570,539,579,1,3
574,536,581,1,3
571,542,595,1,3
573,546,601,1,3
565,546,593,1,3
565,543,593,1,3
563,544,595,1,3
567,549,599,1,3
568,545,595,1,3
569,543,592,1,3
580,540,586,1,3
603,536,573,3,3
621,543,582,3,3
595,549,589,3,3
568,533,561,3,3
610,520,553,3,3
612,519,547,3,3
610,517,542,3,3
617,512,538,3,3
617,511,536,3,3
619,508,527,3,3
619,504,514,3,3
629,500,510,3,3
621,499,511,3,3
617,501,520,3,3
605,498,518,3,3
600,495,512,3,3
605,494,506,3,3
615,493,506,3,3
619,495,510,3,3
601,497,514,3,3
627,506,533,3,3
624,513,548,3,3
615,513,535,3,3
610,509,531,3,3
611,512,540,3,3
605,521,561,3,3
580,528,561,3,3
593,536,567,3,3
612,548,600,3,3
604,554,605,3,3
579,546,575,3,3
580,538,587,1,3
569,547,595,1,3
572,550,595,1,3
567,546,605,1,3
550,546,601,1,3
547,551,599,1,3
549,550,609,1,3
540,552,607,1,3
524,551,604,1,3
528,554,608,1,3
522,554,606,1,3
511,556,610,1,3
511,560,614,1,3
510,558,605,1,3
513,556,605,1,3
520,555,609,1,3
516,553,602,1,3
517,554,605,1,3
517,555,607,1,3
520,555,608,1,3
514,557,602,1,3
512,559,610,1,3
526,555,605,1,3
530,549,603,1,3
536,556,604,1,3
532,559,604,1,3
538,556,605,1,3
545,553,600,1,3
550,552,601,1,3
553,551,597,1,3
557,553,592,1,3
568,551,587,1,3
575,551,592,1,3
577,552,582,1,3
582,549,576,3,3
587,547,574,3,3
593,546,561,3,3
598,545,556,3,3
603,545,559,3,3
599,547,561,3,3
601,545,556,3,3
601,545,551,3,3
611,545,546,3,3
612,543,541,3,3
607,540,532,3,3
624,543,528,3,3
610,538,521,3,3
617,540,511,3,3
619,534,507,3,3
621,532,505,3,3
610,531,496,3,3
621,531,487,3,3
621,528,477,3,3
622,522,474,3,3
606,514,476,3,3
601,509,477,3,3
583,495,466,3,3
564,480,456,2,3
537,467,433,2,3
543,459,424,2,3
537,455,435,2,3
517,450,442,2,3
514,447,431,2,3
510,445,430,2,3
500,443,437,2,3
493,445,442,2,3
494,444,435,2,3
500,445,436,2,3
493,447,439,2,3
491,444,437,2,3
486,444,444,2,3
481,442,435,2,3
482,442,430,2,3
490,448,444,2,3
489,450,449,2,3
486,450,423,2,3
501,450,423,2,3
505,462,448,2,3
534,467,460,2,3
550,475,462,2,3
602,471,453,3,3
595,482,478,3,3
593,484,482,3,3
616,482,481,3,3
603,491,497,3,3
624,499,512,3,3
621,511,546,3,3
613,516,547,3,3
631,519,548,3,3
635,529,567,3,3
622,528,561,3,3
619,519,545,3,3
610,517,531,3,3
612,519,526,3,3
627,497,540,3,3
656,515,565,3,3
636,523,549,3,3
648,516,533,3,3
631,511,511,3,3
602,495,490,3,3
594,489,472,3,3
577,483,469,3,3
555,471,448,2,3
546,469,423,2,3
544,463,451,2,3
525,456,446,2,3
524,452,428,2,3
508,449,441,2,3
513,446,441,2,3
507,446,433,2,3
500,447,433,2,3
494,450,439,2,3
482,444,431,2,3
498,454,431,2,3
490,450,431,2,3
495,451,440,2,3
506,454,433,2,3
521,464,427,2,3
532,472,451,2,3
545,476,476,2,3
576,485,460,2,3
584,489,475,3,3
588,497,474,3,3
634,514,503,3,3
609,514,541,3,3
619,518,492,3,3
664,521,515,3,3
631,522,550,3,3
640,525,530,3,3
638,524,527,3,3
644,523,526,3,3
672,529,518,3,3
651,529,531,3,3
637,524,521,3,3
607,512,508,3,3
579,497,479,3,3
574,482,462,2,3
545,466,458,2,3
509,450,443,2,3
501,443,432,2,3
489,439,430,2,3
492,438,433,2,3
497,434,441,2,3
500,440,447,2,3
506,441,438,2,3
511,439,433,2,3
501,442,437,2,3
525,445,429,2,3
534,454,437,2,3
538,461,466,2,3
551,471,481,2,3
595,476,474,3,3
596,483,482,3,3
600,493,496,3,3
638,499,514,3,3
600,501,502,3,3
638,504,505,3,3
628,509,536,3,3
613,515,514,3,3
646,517,533,3,3
621,520,548,3,3
604,521,536,3,3
610,524,540,3,3
623,528,545,3,3
628,535,552,3,3
611,528,555,3,3
612,526,554,3,3
622,527,558,3,3
612,527,553,3,3
611,523,551,3,3
615,527,553,3,3
630,524,552,3,3
644,526,553,3,3
645,519,537,3,3
643,528,529,3,3
636,532,533,3,3
616,523,519,3,3
602,506,494,3,3
592,493,481,3,3
571,470,470,3,3
544,456,460,2,3
518,442,457,2,3
500,429,440,2,3
504,423,434,2,3
513,428,446,2,3
521,432,447,2,3
527,436,447,2,3
530,437,449,2,3
524,439,455,2,3
524,442,449,2,3
552,455,448,2,3
568,469,469,2,3
593,481,483,3,3
606,487,499,3,3
600,491,485,3,3
636,497,488,3,3
617,501,517,3,3
605,505,518,3,3
609,508,518,3,3
602,516,526,3,3
616,523,536,3,3
610,532,551,3,3
616,547,571,3,3
658,564,593,3,3
634,549,573,3,3
604,543,563,3,3
591,539,561,3,3
599,537,553,3,3
627,541,555,3,3
636,548,562,3,3
648,557,557,3,3
647,568,561,3,3
615,547,553,3,3
588,525,520,3,3
578,501,488,3,3
574,478,470,3,3
557,457,469,2,3
546,443,443,2,3
531,433,436,2,3
530,434,435,2,3
543,442,449,2,3
538,444,446,2,3
537,443,442,2,3
537,441,442,2,3
527,437,451,2,3
520,436,451,2,3
526,435,439,2,3
531,439,437,2,3
560,458,457,2,3
564,470,466,2,3
590,484,472,3,3
597,502,502,3,3
614,512,515,3,3
626,517,511,3,3
616,520,514,3,3
612,531,513,3,3
639,534,520,3,3
619,537,537,3,3
618,541,536,3,3
634,548,541,3,3
619,543,549,3,3
613,534,540,3,3
610,531,533,3,3
611,531,536,3,3
618,532,541,3,3
622,535,546,3,3
622,536,552,3,3
630,534,539,3,3
629,529,535,3,3
652,528,527,3,3
643,519,528,3,3
619,511,519,3,3
595,492,505,3,3
598,476,488,3,3
590,461,476,3,3
564,460,474,3,3
538,451,466,2,3
537,438,455,2,3
508,434,434,2,3
499,431,430,2,3
501,434,431,2,3
509,438,438,2,3
510,433,452,2,3
513,438,436,2,3
504,433,443,2,3
502,436,429,2,3
495,442,446,2,3
509,443,459,2,3
587,452,472,3,3
563,468,488,3,3
586,473,489,3,3
607,486,508,3,3
601,500,517,3,3
651,504,520,3,3
616,505,519,3,3
624,495,516,3,3
653,513,542,3,3
629,522,562,3,3
601,521,548,3,3
600,509,538,3,3
617,508,543,3,3
641,517,563,3,3
612,520,571,3,3
605,515,556,3,3
608,513,556,3,3
614,513,561,3,3
624,508,562,3,3
639,511,556,3,3
658,516,568,3,3
632,503,527,3,3
616,494,525,3,3
609,489,505,3,3
591,475,490,3,3
579,466,471,3,3
557,460,463,2,3
536,451,449,2,3
524,446,440,2,3
512,444,433,2,3
507,442,435,2,3
508,444,435,2,3
511,445,435,2,3
514,446,441,2,3
516,443,439,2,3
510,443,438,2,3
507,440,439,2,3
507,438,431,2,3
516,444,446,2,3
518,449,450,2,3
545,451,467,2,3
567,462,491,3,3
577,470,489,3,3
593,480,508,3,3
599,490,515,3,3
624,497,520,3,3
610,517,550,3,3
627,520,563,3,3
650,537,584,3,3
653,542,593,3,3
611,533,574,3,3
598,527,562,3,3
601,521,557,3,3
639,518,559,3,3
644,527,554,3,3
645,524,543,3,3
635,520,536,3,3
606,508,518,3,3
589,494,508,3,3
572,474,474,3,3
563,462,462,2,3
548,445,456,2,3
532,439,438,2,3
560,442,458,2,3
572,455,482,3,3
577,475,504,3,3
578,484,512,3,3
588,500,536,3,3
620,547,611,3,3
585,586,645,1,3
535,587,623,1,3
547,573,597,1,3
546,571,605,1,3
525,573,606,1,3
524,572,612,1,3
527,569,603,1,3
518,555,606,1,3
516,553,605,1,3
502,555,604,1,3
519,577,616,1,3
498,561,634,1,3
504,555,596,1,3
493,571,600,1,3
494,556,602,1,3
496,542,596,1,3
501,540,596,1,3
481,542,603,1,3
480,554,623,1,3
475,558,622,1,3
475,543,601,1,3
477,546,611,1,3
495,535,608,1,3
480,541,610,1,3
494,541,613,1,3
493,536,609,1,3
510,537,615,1,3
489,544,618,1,3
501,545,611,1,3
484,542,618,1,3
485,541,609,1,3
485,542,618,1,3
486,549,620,1,3
474,547,626,1,3
484,527,593,1,3
464,520,611,1,3
491,542,630,1,3
469,537,603,1,3
492,524,598,1,3
484,523,587,1,3
461,544,619,1,3
457,546,617,1,3
467,533,599,1,3
472,525,603,1,3
467,528,602,1,3
466,536,614,1,3
481,530,603,1,3
511,517,597,1,3
496,536,618,1,3
523,542,625,1,3
548,542,602,1,3
541,524,597,1,3
603,532,567,3,3
621,534,552,3,3
629,524,527,3,3
668,526,486,3,3
668,532,497,3,3
602,518,496,3,3
607,499,482,3,3
592,504,470,3,3
610,498,453,3,3
591,494,454,3,3
595,488,443,2,3
576,484,438,2,3
550,465,450,2,3
539,466,451,2,3
541,464,448,2,3
535,461,450,2,3
537,461,458,2,3
526,450,448,2,3
531,451,413,2,3
521,448,410,2,3
491,440,431,2,3
477,447,438,2,3
488,443,435,2,3
486,443,446,2,3
474,442,447,2,3
479,442,436,2,3
485,444,442,2,3
492,443,437,2,3
492,442,446,2,3
484,443,436,2,3
498,445,444,2,3
495,448,453,2,3
499,459,465,2,3
536,470,451,2,3
582,471,465,3,3
591,483,487,3,3
593,490,482,3,3
621,504,502,3,3
632,512,524,3,3
650,527,558,3,3
643,533,569,3,3
632,530,552,3,3
638,527,542,3,3
658,526,540,3,3
654,529,539,3,3
639,528,529,3,3
621,510,519,3,3
602,496,496,3,3
586,484,493,3,3
561,468,464,2,3
552,464,449,2,3
538,445,441,2,3
537,417,448,2,3
544,439,452,2,3
548,438,448,2,3
545,440,464,2,3
543,442,463,2,3
562,445,458,2,3
566,451,465,2,3
568,464,472,3,3
600,473,482,3,3
621,492,513,3,3
609,501,525,3,3
637,502,512,3,3
624,507,534,3,3
615,512,529,3,3
631,513,538,3,3
609,517,548,3,3
604,515,541,3,3
612,519,549,3,3
613,525,568,3,3
622,531,581,3,3
609,538,586,3,3
592,537,579,3,3
594,531,572,3,3
606,527,579,3,3
621,525,574,3,3
655,533,573,3,3
613,532,547,3,3
621,517,528,3,3
611,512,536,3,3
596,497,494,3,3
602,485,471,3,3
605,478,477,3,3
582,468,462,3,3
565,460,448,2,3
552,452,452,2,3
537,446,448,2,3
535,443,455,2,3
551,447,439,2,3
569,462,447,2,3
568,463,452,2,3
563,456,450,2,3
558,451,431,2,3
558,466,435,2,3
560,469,462,2,3
572,464,457,2,3
581,475,443,2,3
581,482,449,2,3
586,482,459,3,3
590,477,463,3,3
598,484,452,3,3
595,485,453,3,3
591,485,460,3,3
598,484,467,3,3
592,484,464,3,3
596,486,460,3,3
599,485,458,3,3
599,486,462,3,3
592,484,465,3,3
596,486,458,3,3
595,485,459,3,3
594,483,459,3,3
589,486,467,3,3
593,484,471,3,3
594,490,465,3,3
589,484,482,3,3
589,486,480,3,3
597,487,475,3,3
607,495,475,3,3
630,501,501,3,3
618,500,514,3,3
632,503,511,3,3
630,501,514,3,3
628,505,510,3,3
627,506,510,3,3
626,508,505,3,3
625,508,500,3,3
624,512,501,3,3
630,507,504,3,3
622,505,506,3,3
615,501,499,3,3
606,497,485,3,3
606,495,487,3,3
601,496,480,3,3
600,494,480,3,3
607,496,471,3,3
603,492,468,3,3
598,490,463,3,3
582,487,469,3,3
578,492,457,2,3
571,486,475,3,3
576,489,462,2,3
589,493,478,3,3
634,502,520,3,3
617,524,552,3,3
628,521,551,3,3
640,518,506,3,3
654,517,522,3,3
619,515,536,3,3
598,509,525,3,3
620,514,527,3,3
614,514,531,3,3
618,518,538,3,3
617,522,544,3,3
610,520,547,3,3
604,522,542,3,3
621,525,543,3,3
626,532,551,3,3
599,536,566,3,3
599,532,567,3,3
574,531,562,3,3
645,550,592,3,3
608,556,594,3,3
576,549,576,3,3
592,550,574,3,3
568,551,595,1,3
563,557,584,1,3
566,557,592,1,3
570,561,600,1,3
542,561,598,1,3
542,564,595,1,3
551,549,602,1,3
531,549,594,1,3
544,556,594,1,3
552,559,602,1,3
541,553,607,1,3
520,561,590,1,3
553,559,606,1,3
541,554,595,1,3
556,549,586,1,3
574,553,583,1,3


431,508,589,4,4
430,508,594,4,4
432,509,600,1,4
433,509,593,4,4
431,506,587,4,4
424,509,592,4,4
434,514,599,1,4
414,510,588,4,4
401,504,577,4,4
408,502,554,4,4
411,503,539,4,4
406,499,527,4,4
402,493,518,4,4
395,502,523,4,4
394,506,526,4,4
402,496,517,4,4
399,494,519,4,4
406,492,499,4,4
401,494,493,4,4
412,494,493,4,4
410,498,483,4,4
409,500,465,4,4
412,505,460,4,4
397,507,460,4,4
395,509,457,4,4
408,504,463,4,4
424,505,479,4,4
409,506,483,4,4
410,507,499,4,4
409,510,520,4,4
416,505,539,4,4
423,505,548,4,4
419,506,567,4,4
401,517,595,4,4
409,521,603,4,4
427,518,599,4,4
430,520,604,1,4
432,520,600,1,4
440,527,607,1,4
447,523,601,1,4
445,529,605,1,4
446,526,604,1,4
453,523,611,1,4
462,518,617,1,4
468,515,604,1,4
460,539,622,1,4
467,536,631,1,4
477,530,629,1,4
460,539,624,1,4
454,536,639,1,4
449,536,645,1,4
454,525,610,1,4
447,509,569,4,4
428,512,581,4,4
427,508,570,4,4
428,504,542,4,4
425,493,541,4,4
418,497,518,4,4
412,500,475,4,4
419,496,461,4,4
421,492,465,4,4
429,489,452,4,4
436,489,439,4,4
452,486,463,4,4
426,491,438,4,4
449,487,435,2,4
467,486,448,2,4
439,496,431,2,4
457,490,422,2,4
465,492,453,2,4
460,492,432,2,4
475,496,440,2,4
489,495,431,2,4
485,496,409,2,4
502,496,424,2,4
504,501,413,2,4
513,499,393,2,4
503,510,376,2,4
515,502,394,2,4
519,507,416,2,4
490,501,424,2,4
474,499,436,2,4
471,501,471,2,4
433,508,487,4,4
408,523,497,4,4
468,472,482,4,4
401,518,498,4,4
329,518,526,4,4
395,497,512,4,4
441,488,535,4,4
412,498,543,4,4
388,505,557,4,4
382,503,556,4,4
404,500,544,4,4
408,500,545,4,4
397,504,550,4,4
408,504,542,4,4
414,501,538,4,4
406,503,559,4,4
414,514,574,4,4
421,515,582,4,4
418,519,597,4,4
424,528,605,4,4
434,521,585,4,4
446,516,595,1,4
437,546,634,1,4
425,540,616,1,4
464,523,586,1,4
449,553,607,1,4
394,548,622,4,4
448,540,630,1,4
451,535,607,1,4
455,522,587,1,4
438,516,584,4,4
426,514,605,1,4
443,514,591,1,4
430,513,568,4,4
394,505,575,4,4
435,502,579,4,4
414,503,555,4,4
415,487,540,4,4
429,481,547,4,4
423,493,545,4,4
415,498,544,4,4
431,500,555,4,4
430,503,570,4,4
405,526,581,4,4
377,538,603,4,4
397,535,595,4,4
420,528,577,4,4
394,536,602,4,4
384,537,608,4,4
397,523,572,4,4
422,511,551,4,4
415,505,553,4,4
403,495,548,4,4
416,492,528,4,4
411,488,522,4,4
397,486,527,4,4
404,486,509,4,4
403,479,503,4,4
412,471,496,4,4
415,477,482,4,4
415,480,500,4,4
378,482,503,4,4
427,474,470,4,4
454,473,446,2,4
439,478,440,4,4
454,479,429,2,4
465,482,432,2,4
460,485,430,2,4
451,487,430,2,4
446,491,420,2,4
442,488,429,2,4
438,491,420,2,4
447,486,422,2,4
466,490,439,2,4
439,490,475,4,4
441,491,493,4,4
452,488,503,4,4
432,505,554,4,4
402,519,590,4,4
395,509,590,4,4
404,519,588,4,4
389,521,596,4,4
403,517,587,4,4
429,508,562,4,4
393,521,575,4,4
374,526,621,4,4
392,523,606,4,4
445,513,572,4,4
432,499,543,4,4
371,501,605,4,4
431,501,578,4,4
443,492,529,4,4
417,488,555,4,4
383,493,604,4,4
419,495,584,4,4
423,485,560,4,4
404,482,576,4,4
418,476,557,4,4
416,479,535,4,4
410,479,523,4,4
411,474,528,4,4
393,483,520,4,4
398,482,509,4,4
414,482,503,4,4
411,478,491,4,4
410,481,496,4,4
404,485,483,4,4
407,486,481,4,4
415,488,474,4,4
432,491,453,4,4
425,497,457,4,4
416,503,438,4,4
445,498,445,2,4
447,507,466,4,4
431,503,445,4,4
446,500,441,2,4
442,505,460,4,4
445,500,457,4,4
453,497,435,2,4
442,509,419,2,4
436,511,446,4,4
424,514,463,4,4
428,507,457,4,4
437,511,472,4,4
403,511,505,4,4
400,501,504,4,4
431,492,512,4,4
427,496,534,4,4
402,501,553,4,4
407,498,555,4,4
419,496,558,4,4
408,504,571,4,4
409,502,574,4,4
411,505,580,4,4
399,514,580,4,4
402,510,587,4,4
405,514,587,4,4
394,519,589,4,4
396,517,585,4,4
388,516,578,4,4
377,518,574,4,4
393,510,546,4,4
420,502,507,4,4
424,494,481,4,4
422,494,472,4,4
423,491,473,4,4
420,490,479,4,4
416,483,441,4,4
448,480,458,4,4
426,483,456,4,4
442,478,435,2,4
465,479,448,2,4
456,476,437,2,4
458,484,420,2,4
481,481,436,2,4
477,481,426,2,4
485,481,417,2,4
501,479,430,2,4
492,481,428,2,4
490,483,420,2,4
504,483,420,2,4
499,487,411,2,4
496,488,419,2,4
484,488,412,2,4
491,489,411,2,4
492,492,413,2,4
477,493,431,2,4
449,492,436,2,4
459,487,455,2,4
442,502,491,4,4
458,477,481,4,4
428,491,496,4,4
352,510,520,4,4
393,495,525,4,4
426,487,533,4,4
417,501,537,4,4
391,503,542,4,4
391,504,558,4,4
401,513,556,4,4
384,512,561,4,4
406,509,566,4,4
420,513,565,4,4
397,517,579,4,4
411,515,584,4,4
429,516,581,4,4
414,520,582,4,4
419,517,584,4,4
435,519,582,4,4
419,533,598,4,4
437,527,602,1,4
451,534,606,1,4
432,541,615,1,4
454,532,602,1,4
443,536,595,1,4
431,536,629,1,4
473,531,616,1,4
452,526,620,1,4
451,534,649,1,4
456,525,627,1,4
456,511,585,1,4
453,511,614,1,4
448,510,596,1,4
461,493,573,1,4
440,487,567,4,4
422,489,590,4,4
427,486,589,4,4
422,483,558,4,4
427,467,552,4,4
411,467,570,4,4
415,463,584,4,4
420,465,562,4,4
427,467,548,4,4
415,461,551,4,4
403,463,551,4,4
410,469,537,4,4
404,471,535,4,4
410,467,530,4,4
404,467,517,4,4
416,460,510,4,4
431,461,553,4,4
380,470,558,4,4
396,467,530,4,4
418,472,513,4,4
411,464,526,4,4
385,470,521,4,4
386,484,508,4,4
408,473,505,4,4
416,471,495,4,4
395,480,489,4,4
395,484,494,4,4
405,484,487,4,4
416,485,464,4,4
417,486,465,4,4
414,488,462,4,4
420,484,447,4,4
434,484,446,4,4
429,482,463,4,4
429,485,457,4,4
453,480,453,2,4
457,483,448,2,4
463,489,426,2,4
460,493,417,2,4
461,498,425,2,4
479,494,420,2,4
472,513,414,2,4
446,524,404,2,4
476,529,444,2,4
447,525,453,2,4
473,511,389,2,4
450,505,390,2,4
448,493,456,4,4
466,518,478,2,4
431,488,472,4,4
427,493,476,4,4
415,503,483,4,4
416,509,511,4,4
388,508,494,4,4
388,491,502,4,4
392,510,504,4,4
397,498,506,4,4
406,504,507,4,4
399,508,496,4,4
396,509,495,4,4
400,515,498,4,4
410,518,500,4,4
388,523,489,4,4
392,518,494,4,4
406,516,508,4,4
395,517,523,4,4
396,520,517,4,4
386,517,515,4,4
401,519,522,4,4
401,522,539,4,4
394,508,520,4,4
407,502,504,4,4
402,519,521,4,4
381,519,551,4,4
407,516,550,4,4
400,510,541,4,4
418,512,544,4,4
420,525,559,4,4
404,543,608,4,4
441,530,601,1,4
472,535,580,1,4
447,550,635,1,4
464,551,618,1,4
471,545,606,1,4
459,553,616,1,4
460,548,618,1,4
457,548,616,1,4
437,547,604,1,4
428,530,597,4,4
427,529,574,4,4
430,519,560,4,4
423,509,564,4,4
420,506,583,4,4
400,505,545,4,4
406,503,533,4,4
413,490,556,4,4
405,491,549,4,4
401,491,544,4,4
399,492,549,4,4
403,489,543,4,4
408,489,553,4,4
402,491,552,4,4
399,488,553,4,4
422,489,558,4,4
448,488,595,1,4
431,496,607,1,4
430,497,598,1,4
444,500,599,1,4
451,500,600,1,4
467,502,613,1,4
477,509,617,1,4
479,511,607,1,4
490,516,621,1,4
486,527,643,1,4
499,518,636,1,4
502,520,618,1,4
485,525,615,1,4
491,520,624,1,4
509,523,607,1,4
511,519,592,1,4
510,524,602,1,4
631,532,641,1,4
585,513,579,3,4
563,520,619,1,4
555,528,613,1,4
565,518,597,1,4
564,520,605,1,4
569,522,604,1,4
585,521,584,3,4
583,514,593,1,4
587,519,595,1,4
581,506,563,3,4
579,512,580,1,4
605,527,586,3,4
617,516,573,3,4
598,517,568,3,4
575,520,588,1,4
599,519,572,3,4
604,523,568,3,4
603,523,573,3,4
598,527,575,3,4
598,526,580,3,4
601,528,578,3,4
594,523,573,3,4
597,524,573,3,4
597,525,569,3,4
608,526,568,3,4
593,521,570,3,4
599,526,575,3,4
603,529,571,3,4
595,529,576,3,4
596,528,569,3,4
605,529,568,3,4
601,530,569,3,4
601,530,569,3,4
603,528,572,3,4
597,530,575,3,4
599,532,580,3,4
593,537,607,1,4
590,546,614,1,4
591,536,581,3,4
591,536,584,3,4
568,533,602,1,4
554,530,606,1,4
544,530,614,1,4
525,534,626,1,4
526,532,623,1,4
525,526,623,1,4
508,523,622,1,4
498,508,594,1,4
481,508,610,1,4
462,509,612,1,4
454,499,599,1,4
443,461,574,4,4
438,470,562,4,4
442,469,603,1,4
414,492,586,4,4
426,472,572,4,4
400,490,583,4,4
403,494,570,4,4
415,475,569,4,4
417,482,550,4,4
408,483,542,4,4
395,480,537,4,4
398,477,527,4,4
399,479,530,4,4
398,474,526,4,4
414,473,518,4,4
412,474,500,4,4
400,477,499,4,4
404,479,497,4,4
408,476,481,4,4
420,482,472,4,4
407,484,464,4,4
429,485,459,4,4
427,488,454,4,4
426,488,451,4,4
437,488,452,4,4
428,493,446,4,4
431,496,432,4,4
442,494,436,2,4
449,499,442,2,4
458,501,426,2,4
433,505,424,2,4
445,498,437,2,4
443,501,440,2,4
449,507,432,2,4
482,481,431,2,4
402,506,453,4,4
408,492,445,4,4
459,486,465,2,4
447,483,476,4,4
401,490,442,4,4
418,485,438,4,4
439,484,466,4,4
426,480,472,4,4
405,476,479,4,4
396,485,470,4,4
427,487,471,4,4
420,467,504,4,4
361,482,529,4,4
408,475,476,4,4
423,472,492,4,4
405,478,483,4,4
398,481,443,4,4
431,479,455,4,4
434,483,459,4,4
425,484,444,4,4
429,486,445,4,4
448,486,450,2,4
441,487,439,2,4
461,488,435,2,4
468,492,432,2,4
465,500,421,2,4
464,502,417,2,4
467,500,428,2,4
457,502,430,2,4
459,500,423,2,4
455,500,422,2,4
453,503,418,2,4
451,502,424,2,4
454,487,450,2,4
445,476,464,4,4
413,501,483,4,4
448,488,558,4,4
427,505,597,4,4
384,498,564,4,4
399,496,561,4,4
406,499,580,4,4
407,501,580,4,4
404,500,574,4,4
413,500,585,4,4
413,501,584,4,4
403,500,573,4,4
424,501,568,4,4
413,501,577,4,4
411,503,582,4,4
435,500,571,4,4
429,502,589,4,4
427,515,607,1,4
445,511,604,1,4
450,506,598,1,4
440,515,612,1,4
446,513,604,1,4
469,507,606,1,4
469,524,625,1,4
460,518,612,1,4
474,510,605,1,4
491,517,630,1,4
479,528,641,1,4
477,517,622,1,4
483,519,619,1,4
477,512,627,1,4
452,516,628,1,4
427,523,622,1,4
447,515,585,1,4
435,505,559,4,4
414,503,543,4,4
388,505,545,4,4
401,494,534,4,4
422,494,513,4,4
419,494,514,4,4
387,497,498,4,4
411,485,479,4,4
421,489,479,4,4
409,495,472,4,4
406,489,458,4,4
416,487,456,4,4
417,486,463,4,4
416,489,466,4,4
409,488,470,4,4
409,489,470,4,4
414,486,476,4,4
419,483,482,4,4
402,487,484,4,4
390,494,486,4,4
389,489,493,4,4
418,484,496,4,4
417,482,508,4,4
407,487,522,4,4
415,484,543,4,4
435,490,572,4,4
432,504,597,1,4
423,508,607,1,4
424,508,614,1,4
452,506,604,1,4
449,511,603,1,4
426,514,631,1,4
450,516,626,1,4
454,496,596,1,4
461,513,611,1,4
416,508,659,1,4
425,514,663,1,4
440,505,597,1,4
470,496,515,4,4
471,456,481,2,4
367,450,544,4,4
394,473,535,4,4
452,466,468,4,4
409,437,454,4,4
367,446,481,4,4
425,468,511,4,4
419,472,516,4,4
422,463,468,4,4
452,473,471,4,4
432,489,439,4,4
455,494,420,2,4
490,495,419,2,4
460,501,398,2,4
463,492,388,2,4
477,495,433,2,4
487,492,444,2,4
456,489,418,2,4
461,492,426,2,4
469,483,454,2,4
438,493,447,4,4
460,490,433,2,4
452,505,444,2,4
440,506,448,4,4
422,518,455,4,4
411,518,460,4,4
416,511,479,4,4
413,510,503,4,4
393,542,491,4,4
407,529,468,4,4
424,524,489,4,4
412,552,532,4,4
392,549,562,4,4
414,548,551,4,4
402,539,540,4,4
399,547,557,4,4
399,548,547,4,4
405,544,553,4,4
416,538,548,4,4
412,543,551,4,4
406,543,532,4,4
404,540,530,4,4
409,538,539,4,4
412,540,544,4,4
401,542,551,4,4
403,539,559,4,4
426,539,575,4,4
425,545,578,4,4
429,548,583,4,4
428,546,590,4,4
439,548,588,1,4
454,543,609,1,4
442,556,603,1,4
445,556,585,1,4
432,554,576,4,4
450,540,606,1,4
458,544,607,1,4
457,535,585,1,4
455,537,618,1,4
459,560,621,1,4
455,554,606,1,4
462,534,595,1,4
463,532,608,1,4
450,546,624,1,4
456,534,614,1,4
456,522,598,1,4
434,517,591,4,4
421,527,584,4,4
436,531,606,1,4
430,513,586,4,4
435,501,554,4,4
428,492,561,4,4
403,500,598,4,4
425,495,590,4,4
423,496,587,4,4
397,501,541,4,4
406,484,533,4,4
408,467,559,4,4
405,482,537,4,4
399,471,546,4,4
406,471,558,4,4
415,474,548,4,4
390,467,526,4,4
404,465,530,4,4
406,467,545,4,4
402,467,543,4,4
388,465,527,4,4
392,468,531,4,4
394,468,517,4,4
371,444,522,4,4
426,478,553,4,4
440,487,540,4,4
427,484,543,4,4
404,502,558,4,4
398,504,542,4,4
362,493,517,4,4
393,486,483,4,4
433,488,500,4,4
368,511,530,4,4
391,500,500,4,4
407,492,505,4,4
407,505,501,4,4
404,514,521,4,4
404,522,538,4,4
395,517,501,4,4
389,510,516,4,4
384,531,537,4,4
393,529,504,4,4
432,527,522,4,4
399,534,505,4,4
427,528,528,4,4
396,514,555,4,4
407,545,508,4,4
438,537,585,4,4
396,547,528,4,4
404,551,543,4,4
409,548,539,4,4
403,549,544,4,4
418,553,536,4,4
400,557,526,4,4
419,555,528,4,4
400,554,532,4,4
424,552,535,4,4
403,559,555,4,4
413,562,540,4,4
403,555,549,4,4
420,548,545,4,4
429,553,554,4,4
413,561,545,4,4
413,552,558,4,4
410,550,555,4,4
423,551,556,4,4
418,557,563,4,4
411,554,562,4,4
414,548,559,4,4
419,547,564,4,4
421,539,578,4,4
391,543,569,4,4
408,549,562,4,4
422,539,561,4,4
405,539,567,4,4
425,538,581,4,4
417,540,581,4,4
433,533,570,4,4
428,527,590,4,4
398,530,597,4,4
436,538,587,4,4
420,532,570,4,4
436,515,553,4,4
412,509,550,4,4
398,514,568,4,4
394,513,560,4,4
410,500,542,4,4
418,482,566,4,4
408,491,564,4,4
395,501,549,4,4
398,489,566,4,4
417,485,573,4,4
404,494,550,4,4
395,494,548,4,4
398,492,569,4,4
421,482,549,4,4
424,509,544,4,4
378,508,535,4,4
364,498,532,4,4
389,490,533,4,4
420,488,510,4,4
399,480,529,4,4
372,476,525,4,4
397,479,518,4,4
412,491,518,4,4
388,484,521,4,4
379,478,519,4,4
415,465,530,4,4
440,472,566,4,4
420,482,522,4,4
413,498,530,4,4
431,479,584,4,4
414,489,615,4,4
410,495,617,4,4
424,493,582,4,4
444,491,566,4,4
433,501,597,1,4
441,524,586,1,4
419,539,608,4,4
410,525,603,4,4
409,540,583,4,4
423,539,571,4,4
442,526,587,1,4
439,537,576,4,4
443,539,565,4,4
437,548,605,1,4
429,560,604,1,4
403,556,561,4,4
452,543,542,4,4
424,553,583,4,4
417,557,592,4,4
423,555,580,4,4
432,553,587,4,4
427,550,593,4,4
423,549,602,4,4
444,559,610,1,4
441,544,587,1,4
411,544,570,4,4
427,534,579,4,4
447,537,590,1,4
432,531,581,4,4
410,523,569,4,4
420,526,565,4,4
419,514,580,4,4
413,510,560,4,4
417,509,559,4,4
435,517,572,4,4
400,504,581,4,4
391,507,569,4,4
407,506,562,4,4
418,503,553,4,4
416,512,561,4,4
406,513,543,4,4
400,506,554,4,4
402,508,527,4,4
397,506,508,4,4
378,508,543,4,4
405,494,525,4,4
421,499,517,4,4
407,505,490,4,4
362,513,524,4,4
387,499,507,4,4
396,508,507,4,4
388,511,489,4,4
402,500,496,4,4
403,491,503,4,4
390,492,497,4,4
391,494,493,4,4
403,482,491,4,4
401,486,495,4,4
402,479,485,4,4
405,485,471,4,4
412,473,479,4,4
390,476,472,4,4
435,464,477,4,4
433,454,496,4,4
419,445,497,4,4
425,442,508,4,4
427,439,518,4,4
416,452,540,4,4
400,449,524,4,4
428,439,522,4,4
437,447,543,4,4
406,468,582,4,4
404,472,576,4,4
411,477,553,4,4
430,467,569,4,4
409,485,573,4,4
381,506,559,4,4
426,465,542,4,4
402,518,626,4,4
422,503,569,4,4
439,511,601,1,4
409,512,601,4,4
428,509,592,4,4
444,504,604,1,4
435,512,599,1,4
519,508,599,1,4
491,528,623,1,4
428,530,616,1,4
395,522,606,4,4
461,525,592,1,4
456,526,608,1,4
445,521,614,1,4
455,523,613,1,4
454,524,609,1,4
452,531,614,1,4
458,527,618,1,4
459,517,611,1,4
459,523,600,1,4
466,527,600,1,4
473,522,613,1,4
459,520,633,1,4
445,518,597,1,4
459,507,582,1,4
442,510,603,1,4
437,495,581,4,4
430,508,615,1,4
408,514,551,4,4
413,502,548,4,4
384,512,573,4,4
408,498,551,4,4
408,500,559,4,4
404,502,564,4,4
400,503,570,4,4
403,505,562,4,4
409,499,544,4,4
404,519,585,4,4
407,496,554,4,4
397,495,543,4,4
436,491,536,4,4
439,500,579,4,4
412,510,557,4,4
420,518,553,4,4
407,518,556,4,4
367,521,551,4,4
398,521,542,4,4
432,527,555,4,4
427,514,557,4,4
396,540,615,4,4
442,558,597,1,4
417,531,573,4,4
394,533,561,4,4
422,544,564,4,4
425,534,559,4,4
420,541,560,4,4
410,555,578,4,4
413,552,571,4,4
425,550,561,4,4
422,552,573,4,4
427,560,580,4,4
427,559,573,4,4
424,556,571,4,4
420,560,582,4,4
392,548,582,4,4
424,551,575,4,4
460,549,571,1,4
418,534,585,4,4
410,547,567,4,4
451,550,571,4,4
415,539,584,4,4
412,533,574,4,4
419,534,574,4,4
422,529,571,4,4
408,522,578,4,4
415,518,593,4,4
426,533,600,4,4
416,517,583,4,4
414,513,572,4,4
442,506,572,4,4
428,505,596,4,4
414,539,618,1,4
404,537,619,4,4
414,534,520,4,4
459,471,446,2,4
404,496,592,4,4
371,502,537,4,4
396,498,520,4,4
374,499,527,4,4
384,498,517,4,4
394,495,516,4,4
404,490,514,4,4
401,492,500,4,4
382,479,492,4,4
393,478,508,4,4
396,479,501,4,4
412,473,490,4,4
406,469,502,4,4
439,474,501,4,4
435,484,486,4,4
388,504,506,4,4
399,506,544,4,4
397,499,563,4,4
399,507,553,4,4
417,490,559,4,4
412,514,558,4,4
422,521,513,4,4
453,531,654,1,4
422,524,589,4,4
435,528,582,4,4
445,513,602,1,4
453,550,596,1,4
424,548,609,1,4
470,540,597,1,4
424,540,598,4,4
431,547,600,1,4
442,550,591,1,4
451,542,588,1,4
449,545,584,1,4
452,550,587,1,4
439,555,597,1,4
447,557,592,1,4
453,555,593,1,4
452,560,591,1,4
442,566,593,1,4
448,562,596,1,4
461,563,595,1,4
449,562,596,1,4
446,559,591,1,4
449,559,592,1,4
452,560,596,1,4
441,556,602,1,4
467,558,612,1,4
442,545,595,1,4
452,550,583,1,4
454,539,604,1,4
430,532,593,4,4
445,548,585,1,4
466,528,602,1,4
425,522,603,4,4
440,517,606,1,4
442,518,592,1,4
434,500,580,4,4